703	1.700E+07	1.263	0.0717	0.00004149	88.88
706	1.700E+07	1.263	0.07189	0.00004158	88.6
709	1.700E+07	1.264	0.07209	0.00004166	88.32
712.1	1.700E+07	1.265	0.07228	0.00004174	88.04
715.1	1.700E+07	1.265	0.07247	0.00004183	87.76
718.1	1.700E+07	1.266	0.07266	0.00004191	87.49
721.1	1.700E+07	1.266	0.07285	0.000042	87.21
724.1	1.700E+07	1.267	0.07304	0.00004208	86.94
727.1	1.700E+07	1.268	0.07323	0.00004216	86.67
730.2	1.700E+07	1.268	0.07342	0.00004224	86.4
733.2	1.700E+07	1.269	0.07361	0.00004233	86.14
736.2	1.700E+07	1.269	0.0738	0.00004241	85.87
739.2	1.700E+07	1.27	0.07399	0.00004249	85.61
742.2	1.700E+07	1.27	0.07418	0.00004258	85.35
745.2	1.700E+07	1.271	0.07437	0.00004266	85.09
748.2	1.700E+07	1.272	0.07456	0.00004274	84.83
751.3	1.700E+07	1.272	0.07475	0.00004282	84.57
754.3	1.700E+07	1.273	0.07494	0.0000429	84.32
757.3	1.700E+07	1.273	0.07513	0.00004299	84.07
760.3	1.700E+07	1.274	0.07532	0.00004307	83.82
763.3	1.700E+07	1.274	0.07551	0.00004315	83.57
766.3	1.700E+07	1.275	0.0757	0.00004323	83.32
769.3	1.700E+07	1.275	0.07589	0.00004331	83.07
772.4	1.700E+07	1.276	0.07607	0.00004339	82.83
775.4	1.700E+07	1.277	0.07626	0.00004348	82.58
778.4	1.700E+07	1.277	0.07645	0.00004356	82.34
781.4	1.700E+07	1.278	0.07664	0.00004364	82.1
784.4	1.700E+07	1.278	0.07683	0.00004372	81.86
787.4	1.700E+07	1.279	0.07702	0.0000438	81.62
790.5	1.700E+07	1.279	0.0772	0.00004388	81.39
793.5	1.700E+07	1.28	0.07739	0.00004396	81.15
796.5	1.700E+07	1.28	0.07758	0.00004404	80.92
799.5	1.700E+07	1.281	0.07777	0.00004412	80.69
802.5	1.700E+07	1.281	0.07795	0.0000442	80.46
805.5	1.700E+07	1.282	0.07814	0.00004428	80.23
808.5	1.700E+07	1.282	0.07833	0.00004436	80
811.6	1.700E+07	1.283	0.07851	0.00004444	79.78
814.6	1.700E+07	1.283	0.0787	0.00004452	79.55
817.6	1.700E+07	1.284	0.07889	0.0000446	79.33
820.6	1.700E+07	1.285	0.07907	0.00004468	79.11
823.6	1.700E+07	1.285	0.07926	0.00004476	78.89
826.6	1.700E+07	1.286	0.07944	0.00004484	78.67
829.6	1.700E+07	1.286	0.07963	0.00004492	78.45
832.7	1.700E+07	1.287	0.07982	0.000045	78.23
835.7	1.700E+07	1.287	0.08	0.00004508	78.01
838.7	1.700E+07	1.288	0.08019	0.00004516	77.8
841.7	1.700E+07	1.288	0.08037	0.00004524	77.59
844.7	1.700E+07	1.289	0.08056	0.00004532	77.38
847.7	1.700E+07	1.289	0.08074	0.0000454	77.16
850.8	1.700E+07	1.29	0.08093	0.00004547	76.95
853.8	1.700E+07	1.29	0.08111	0.00004555	76.75
856.8	1.700E+07	1.291	0.0813	0.00004563	76.54
859.8	1.700E+07	1.291	0.08148	0.00004571	76.33
862.8	1.700E+07	1.292	0.08166	0.00004579	76.13
865.8	1.700E+07	1.292	0.08185	0.00004587	75.93
868.8	1.700E+07	1.293	0.08203	0.00004594	75.72
871.9	1.700E+07	1.293	0.08222	0.00004602	75.52
874.9	1.700E+07	1.294	0.0824	0.0000461	75.32
877.9	1.700E+07	1.294	0.08258	0.00004618	75.12
880.9	1.700E+07	1.295	0.08277	0.00004626	74.92
883.9	1.700E+07	1.295	0.08295	0.00004633	74.73
886.9	1.700E+07	1.296	0.08313	0.00004641	74.53
889.9	1.700E+07	1.296	0.08332	0.00004649	74.34
893	1.700E+07	1.297	0.0835	0.00004657	74.14
896	1.700E+07	1.297	0.08368	0.00004664	73.95
899	1.700E+07	1.297	0.08387	0.00004672	73.76
902	1.700E+07	1.298	0.08405	0.0000468	73.57
905	1.700E+07	1.298	0.08423	0.00004687	73.38
908	1.700E+07	1.299	0.08441	0.00004695	73.19
911.1	1.700E+07	1.299	0.08459	0.00004703	73
914.1	1.700E+07	1.3	0.08478	0.0000471	72.82
917.1	1.700E+07	1.3	0.08496	0.00004718	72.63
920.1	1.700E+07	1.301	0.08514	0.00004726	72.45
923.1	1.700E+07	1.301	0.08532	0.00004733	72.26
926.1	1.700E+07	1.302	0.0855	0.00004741	72.08
929.1	1.700E+07	1.302	0.08568	0.00004749	71.9
932.2	1.700E+07	1.303	0.08586	0.00004756	71.72
935.2	1.700E+07	1.303	0.08605	0.00004764	71.54
938.2	1.700E+07	1.303	0.08623	0.00004771	71.36
941.2	1.700E+07	1.304	0.08641	0.00004779	71.18
944.2	1.700E+07	1.304	0.08659	0.00004787	71.01
947.2	1.700E+07	1.305	0.08677	0.00004794	70.83
950.3	1.700E+07	1.305	0.08695	0.00004802	70.65
953.3	1.700E+07	1.306	0.08713	0.00004809	70.48
956.3	1.700E+07	1.306	0.08731	0.00004817	70.31
959.3	1.700E+07	1.307	0.08749	0.00004824	70.13
962.3	1.700E+07	1.307	0.08767	0.00004832	69.96
965.3	1.700E+07	1.307	0.08785	0.00004839	69.79
968.3	1.700E+07	1.308	0.08803	0.00004847	69.62
971.4	1.700E+07	1.308	0.08821	0.00004854	69.45
974.4	1.700E+07	1.309	0.08839	0.00004862	69.29
977.4	1.700E+07	1.309	0.08856	0.00004869	69.12
980.4	1.700E+07	1.31	0.08874	0.00004877	68.95
983.4	1.700E+07	1.31	0.08892	0.00004884	68.79
986.4	1.700E+07	1.31	0.0891	0.00004892	68.62
989.4	1.700E+07	1.311	0.08928	0.00004899	68.46
992.5	1.700E+07	1.311	0.08946	0.00004907	68.3
995.5	1.700E+07	1.312	0.08964	0.00004914	68.13
998.5	1.700E+07	1.312	0.08981	0.00004921	67.97
1002	1.700E+07	1.313	0.08999	0.00004929	67.81
1005	1.700E+07	1.313	0.09017	0.00004936	67.65
1008	1.700E+07	1.313	0.09035	0.00004944	67.49
1011	1.700E+07	1.314	0.09053	0.00004951	67.33
1014	1.700E+07	1.314	0.0907	0.00004958	67.18
1017	1.700E+07	1.315	0.09088	0.00004966	67.02
1020	1.700E+07	1.315	0.09106	0.00004973	66.86
1023	1.700E+07	1.315	0.09123	0.0000498	66.71
1026	1.700E+07	1.316	0.09141	0.00004988	66.55
1029	1.700E+07	1.316	0.09159	0.00004995	66.4
1032	1.700E+07	1.317	0.09176	0.00005002	66.25
1035	1.700E+07	1.317	0.09194	0.0000501	66.1
1038	1.700E+07	1.317	0.09212	0.00005017	65.94
1041	1.700E+07	1.318	0.09229	0.00005024	65.79
1044	1.700E+07	1.318	0.09247	0.00005032	65.64
1047	1.700E+07	1.319	0.09265	0.00005039	65.49
1050	1.700E+07	1.319	0.09282	0.00005046	65.35
1053	1.700E+07	1.319	0.093	0.00005053	65.2
1056	1.700E+07	1.32	0.09317	0.00005061	65.05
1059	1.700E+07	1.32	0.09335	0.00005068	64.9
1062	1.700E+07	1.321	0.09352	0.00005075	64.76
1065	1.700E+07	1.321	0.0937	0.00005082	64.61
1068	1.700E+07	1.321	0.09387	0.0000509	64.47
1071	1.700E+07	1.322	0.09405	0.00005097	64.32
1074	1.700E+07	1.322	0.09422	0.00005104	64.18
1077	1.700E+07	1.322	0.0944	0.00005111	64.04
1080	1.700E+07	1.323	0.09457	0.00005118	63.9
1083	1.700E+07	1.323	0.09475	0.00005126	63.76
1086	1.700E+07	1.324	0.09492	0.00005133	63.61
1089	1.700E+07	1.324	0.0951	0.0000514	63.48
1092	1.700E+07	1.324	0.09527	0.00005147	63.34
1095	1.700E+07	1.325	0.09544	0.00005154	63.2
1098	1.700E+07	1.325	0.09562	0.00005162	63.06
1101	1.700E+07	1.325	0.09579	0.00005169	62.92
1104	1.700E+07	1.326	0.09597	0.00005176	62.78
1107	1.700E+07	1.326	0.09614	0.00005183	62.65
1110	1.700E+07	1.326	0.09631	0.0000519	62.51
1113	1.700E+07	1.327	0.09649	0.00005197	62.38
1116	1.700E+07	1.327	0.09666	0.00005204	62.24
1119	1.700E+07	1.328	0.09683	0.00005211	62.11
1122	1.700E+07	1.328	0.097	0.00005218	61.98
1125	1.700E+07	1.328	0.09718	0.00005226	61.84
1128	1.700E+07	1.329	0.09735	0.00005233	61.71
1131	1.700E+07	1.329	0.09752	0.0000524	61.58
1134	1.700E+07	1.329	0.09769	0.00005247	61.45
1137	1.700E+07	1.33	0.09787	0.00005254	61.32
1140	1.700E+07	1.33	0.09804	0.00005261	61.19
1143	1.700E+07	1.33	0.09821	0.00005268	61.06
1146	1.700E+07	1.331	0.09838	0.00005275	60.93
1149	1.700E+07	1.331	0.09855	0.00005282	60.8
1152	1.700E+07	1.331	0.09873	0.00005289	60.68
1155	1.700E+07	1.332	0.0989	0.00005296	60.55
1158	1.700E+07	1.332	0.09907	0.00005303	60.42
1161	1.700E+07	1.332	0.09924	0.0000531	60.3
1164	1.700E+07	1.333	0.09941	0.00005317	60.17
1167	1.700E+07	1.333	0.09958	0.00005324	60.05
1170	1.700E+07	1.333	0.09975	0.00005331	59.92
1173	1.700E+07	1.334	0.09992	0.00005338	59.8
1176	1.700E+07	1.334	0.1001	0.00005345	59.68
1179	1.700E+07	1.334	0.1003	0.00005352	59.55
1182	1.700E+07	1.335	0.1004	0.00005359	59.43
1185	1.700E+07	1.335	0.1006	0.00005366	59.31
1188	1.700E+07	1.335	0.1008	0.00005373	59.19
1191	1.700E+07	1.336	0.1009	0.0000538	59.07
1194	1.700E+07	1.336	0.1011	0.00005387	58.95
1197	1.700E+07	1.336	0.1013	0.00005394	58.83
1201	1.700E+07	1.337	0.1015	0.00005401	58.71
1204	1.700E+07	1.337	0.1016	0.00005407	58.59
1207	1.700E+07	1.337	0.1018	0.00005414	58.47
1210	1.700E+07	1.338	0.102	0.00005421	58.36
1213	1.700E+07	1.338	0.1021	0.00005428	58.24
1216	1.700E+07	1.338	0.1023	0.00005435	58.12
1219	1.700E+07	1.338	0.1025	0.00005442	58.01
1222	1.700E+07	1.339	0.1026	0.00005449	57.89
1225	1.700E+07	1.339	0.1028	0.00005456	57.78
1228	1.700E+07	1.339	0.103	0.00005463	57.66
1231	1.700E+07	1.34	0.1031	0.00005469	57.55
1234	1.700E+07	1.34	0.1033	0.00005476	57.43
1237	1.700E+07	1.34	0.1035	0.00005483	57.32
1240	1.700E+07	1.341	0.1036	0.0000549	57.21
1243	1.700E+07	1.341	0.1038	0.00005497	57.09
1246	1.700E+07	1.341	0.104	0.00005504	56.98
1249	1.700E+07	1.342	0.1042	0.0000551	56.87
1252	1.700E+07	1.342	0.1043	0.00005517	56.76
1255	1.700E+07	1.342	0.1045	0.00005524	56.65
1258	1.700E+07	1.342	0.1047	0.00005531	56.54
1261	1.700E+07	1.343	0.1048	0.00005538	56.43
1264	1.700E+07	1.343	0.105	0.00005544	56.32
1267	1.700E+07	1.343	0.1052	0.00005551	56.21
1270	1.700E+07	1.344	0.1053	0.00005558	56.1
1273	1.700E+07	1.344	0.1055	0.00005565	56
1276	1.700E+07	1.344	0.1057	0.00005572	55.89
1279	1.700E+07	1.344	0.1058	0.00005578	55.78
1282	1.700E+07	1.345	0.106	0.00005585	55.67
1285	1.700E+07	1.345	0.1062	0.00005592	55.57
1288	1.700E+07	1.345	0.1063	0.00005599	55.46
1291	1.700E+07	1.346	0.1065	0.00005605	55.36
1294	1.700E+07	1.346	0.1067	0.00005612	55.25
1297	1.700E+07	1.346	0.1068	0.00005619	55.15
1300	1.700E+07	1.346	0.107	0.00005625	55.04
700	1.700E+07	1.262	0.07151	0.00004141	89.17
703	1.750E+07	1.264	0.0718	0.00004154	91.39
706	1.750E+07	1.264	0.07199	0.00004162	91.1
709	1.750E+07	1.265	0.07218	0.0000417	90.81
712.1	1.750E+07	1.266	0.07237	0.00004179	90.52
715.1	1.750E+07	1.266	0.07256	0.00004187	90.24
718.1	1.750E+07	1.267	0.07275	0.00004195	89.95
721.1	1.750E+07	1.267	0.07295	0.00004204	89.67
724.1	1.750E+07	1.268	0.07314	0.00004212	89.39
727.1	1.750E+07	1.268	0.07333	0.0000422	89.12
730.2	1.750E+07	1.269	0.07352	0.00004229	88.84
733.2	1.750E+07	1.27	0.07371	0.00004237	88.57
736.2	1.750E+07	1.27	0.0739	0.00004245	88.29
739.2	1.750E+07	1.271	0.07409	0.00004253	88.02
742.2	1.750E+07	1.271	0.07428	0.00004261	87.75
745.2	1.750E+07	1.272	0.07446	0.0000427	87.49
748.2	1.750E+07	1.272	0.07465	0.00004278	87.22
751.3	1.750E+07	1.273	0.07484	0.00004286	86.96
754.3	1.750E+07	1.273	0.07503	0.00004294	86.7
757.3	1.750E+07	1.274	0.07522	0.00004302	86.44
760.3	1.750E+07	1.275	0.07541	0.00004311	86.18
763.3	1.750E+07	1.275	0.0756	0.00004319	85.92
766.3	1.750E+07	1.276	0.07579	0.00004327	85.67
769.3	1.750E+07	1.276	0.07598	0.00004335	85.41
772.4	1.750E+07	1.277	0.07616	0.00004343	85.16
775.4	1.750E+07	1.277	0.07635	0.00004351	84.91
778.4	1.750E+07	1.278	0.07654	0.00004359	84.66
781.4	1.750E+07	1.278	0.07673	0.00004367	84.41
784.4	1.750E+07	1.279	0.07691	0.00004376	84.17
787.4	1.750E+07	1.279	0.0771	0.00004384	83.92
790.5	1.750E+07	1.28	0.07729	0.00004392	83.68
793.5	1.750E+07	1.281	0.07748	0.000044	83.44
796.5	1.750E+07	1.281	0.07766	0.00004408	83.2
799.5	1.750E+07	1.282	0.07785	0.00004416	82.96
802.5	1.750E+07	1.282	0.07804	0.00004424	82.73
805.5	1.750E+07	1.283	0.07822	0.00004432	82.49
808.5	1.750E+07	1.283	0.07841	0.0000444	82.26
811.6	1.750E+07	1.284	0.0786	0.00004448	82.02
814.6	1.750E+07	1.284	0.07878	0.00004456	81.79
817.6	1.750E+07	1.285	0.07897	0.00004464	81.56
820.6	1.750E+07	1.285	0.07916	0.00004472	81.33
823.6	1.750E+07	1.286	0.07934	0.0000448	81.11
826.6	1.750E+07	1.286	0.07953	0.00004488	80.88
829.6	1.750E+07	1.287	0.07971	0.00004496	80.66
832.7	1.750E+07	1.287	0.0799	0.00004503	80.43
835.7	1.750E+07	1.288	0.08008	0.00004511	80.21
838.7	1.750E+07	1.288	0.08027	0.00004519	79.99
841.7	1.750E+07	1.289	0.08045	0.00004527	79.77
844.7	1.750E+07	1.289	0.08064	0.00004535	79.55
847.7	1.750E+07	1.29	0.08082	0.00004543	79.34
850.8	1.750E+07	1.29	0.08101	0.00004551	79.12
853.8	1.750E+07	1.291	0.08119	0.00004559	78.91
856.8	1.750E+07	1.291	0.08138	0.00004566	78.7
859.8	1.750E+07	1.292	0.08156	0.00004574	78.48
862.8	1.750E+07	1.292	0.08174	0.00004582	78.27
865.8	1.750E+07	1.293	0.08193	0.0000459	78.06
868.8	1.750E+07	1.293	0.08211	0.00004598	77.86
871.9	1.750E+07	1.294	0.0823	0.00004605	77.65
874.9	1.750E+07	1.294	0.08248	0.00004613	77.44
877.9	1.750E+07	1.295	0.08266	0.00004621	77.24
880.9	1.750E+07	1.295	0.08285	0.00004629	77.03
883.9	1.750E+07	1.296	0.08303	0.00004636	76.83
886.9	1.750E+07	1.296	0.08321	0.00004644	76.63
889.9	1.750E+07	1.297	0.08339	0.00004652	76.43
893	1.750E+07	1.297	0.08358	0.0000466	76.23
896	1.750E+07	1.298	0.08376	0.00004667	76.03
899	1.750E+07	1.298	0.08394	0.00004675	75.84
902	1.750E+07	1.299	0.08412	0.00004683	75.64
905	1.750E+07	1.299	0.08431	0.0000469	75.45
908	1.750E+07	1.299	0.08449	0.00004698	75.25
911.1	1.750E+07	1.3	0.08467	0.00004706	75.06
914.1	1.750E+07	1.3	0.08485	0.00004713	74.87
917.1	1.750E+07	1.301	0.08503	0.00004721	74.68
920.1	1.750E+07	1.301	0.08521	0.00004729	74.49
923.1	1.750E+07	1.302	0.0854	0.00004736	74.3
926.1	1.750E+07	1.302	0.08558	0.00004744	74.11
929.1	1.750E+07	1.303	0.08576	0.00004752	73.92
932.2	1.750E+07	1.303	0.08594	0.00004759	73.74
935.2	1.750E+07	1.304	0.08612	0.00004767	73.55
938.2	1.750E+07	1.304	0.0863	0.00004774	73.37
941.2	1.750E+07	1.304	0.08648	0.00004782	73.19
944.2	1.750E+07	1.305	0.08666	0.00004789	73.01
947.2	1.750E+07	1.305	0.08684	0.00004797	72.82
950.3	1.750E+07	1.306	0.08702	0.00004805	72.64
953.3	1.750E+07	1.306	0.0872	0.00004812	72.47
956.3	1.750E+07	1.307	0.08738	0.0000482	72.29
959.3	1.750E+07	1.307	0.08756	0.00004827	72.11
962.3	1.750E+07	1.308	0.08774	0.00004835	71.93
965.3	1.750E+07	1.308	0.08792	0.00004842	71.76
968.3	1.750E+07	1.308	0.0881	0.0000485	71.58
971.4	1.750E+07	1.309	0.08828	0.00004857	71.41
974.4	1.750E+07	1.309	0.08846	0.00004865	71.24
977.4	1.750E+07	1.31	0.08863	0.00004872	71.07
980.4	1.750E+07	1.31	0.08881	0.00004879	70.9
983.4	1.750E+07	1.311	0.08899	0.00004887	70.73
986.4	1.750E+07	1.311	0.08917	0.00004894	70.56
989.4	1.750E+07	1.311	0.08935	0.00004902	70.39
992.5	1.750E+07	1.312	0.08953	0.00004909	70.22
995.5	1.750E+07	1.312	0.0897	0.00004917	70.05
998.5	1.750E+07	1.313	0.08988	0.00004924	69.89
1002	1.750E+07	1.313	0.09006	0.00004931	69.72
1005	1.750E+07	1.313	0.09024	0.00004939	69.56
1008	1.750E+07	1.314	0.09042	0.00004946	69.39
1011	1.750E+07	1.314	0.09059	0.00004954	69.23
1014	1.750E+07	1.315	0.09077	0.00004961	69.07
1017	1.750E+07	1.315	0.09095	0.00004968	68.91
1020	1.750E+07	1.316	0.09112	0.00004976	68.75
1023	1.750E+07	1.316	0.0913	0.00004983	68.59
1026	1.750E+07	1.316	0.09148	0.0000499	68.43
1029	1.750E+07	1.317	0.09165	0.00004998	68.27
1032	1.750E+07	1.317	0.09183	0.00005005	68.12
1035	1.750E+07	1.318	0.09201	0.00005012	67.96
1038	1.750E+07	1.318	0.09218	0.0000502	67.8
1041	1.750E+07	1.318	0.09236	0.00005027	67.65
1044	1.750E+07	1.319	0.09253	0.00005034	67.49
1047	1.750E+07	1.319	0.09271	0.00005041	67.34
1050	1.750E+07	1.319	0.09289	0.00005049	67.19
1053	1.750E+07	1.32	0.09306	0.00005056	67.04
1056	1.750E+07	1.32	0.09324	0.00005063	66.88
1059	1.750E+07	1.321	0.09341	0.0000507	66.73
1062	1.750E+07	1.321	0.09359	0.00005078	66.58
1065	1.750E+07	1.321	0.09376	0.00005085	66.43
1068	1.750E+07	1.322	0.09394	0.00005092	66.29
1071	1.750E+07	1.322	0.09411	0.00005099	66.14
1074	1.750E+07	1.323	0.09429	0.00005107	65.99
1077	1.750E+07	1.323	0.09446	0.00005114	65.84
1080	1.750E+07	1.323	0.09464	0.00005121	65.7
1083	1.750E+07	1.324	0.09481	0.00005128	65.55
1086	1.750E+07	1.324	0.09498	0.00005135	65.41
1089	1.750E+07	1.324	0.09516	0.00005142	65.27
1092	1.750E+07	1.325	0.09533	0.0000515	65.12
1095	1.750E+07	1.325	0.09551	0.00005157	64.98
1098	1.750E+07	1.325	0.09568	0.00005164	64.84
1101	1.750E+07	1.326	0.09585	0.00005171	64.7
1104	1.750E+07	1.326	0.09603	0.00005178	64.56
1107	1.750E+07	1.327	0.0962	0.00005185	64.42
1110	1.750E+07	1.327	0.09637	0.00005192	64.28
1113	1.750E+07	1.327	0.09655	0.000052	64.14
1116	1.750E+07	1.328	0.09672	0.00005207	64
1119	1.750E+07	1.328	0.09689	0.00005214	63.86
1122	1.750E+07	1.328	0.09706	0.00005221	63.73
1125	1.750E+07	1.329	0.09724	0.00005228	63.59
1128	1.750E+07	1.329	0.09741	0.00005235	63.45
1131	1.750E+07	1.329	0.09758	0.00005242	63.32
1134	1.750E+07	1.33	0.09775	0.00005249	63.18
1137	1.750E+07	1.33	0.09793	0.00005256	63.05
1140	1.750E+07	1.33	0.0981	0.00005263	62.92
1143	1.750E+07	1.331	0.09827	0.0000527	62.78
1146	1.750E+07	1.331	0.09844	0.00005277	62.65
1149	1.750E+07	1.331	0.09861	0.00005284	62.52
1152	1.750E+07	1.332	0.09878	0.00005291	62.39
1155	1.750E+07	1.332	0.09896	0.00005298	62.26
1158	1.750E+07	1.332	0.09913	0.00005305	62.13
1161	1.750E+07	1.333	0.0993	0.00005312	62
1164	1.750E+07	1.333	0.09947	0.00005319	61.87
1167	1.750E+07	1.333	0.09964	0.00005326	61.74
1170	1.750E+07	1.334	0.09981	0.00005333	61.62
1173	1.750E+07	1.334	0.09998	0.0000534	61.49
1176	1.750E+07	1.334	0.1002	0.00005347	61.36
1179	1.750E+07	1.335	0.1003	0.00005354	61.24
1182	1.750E+07	1.335	0.1005	0.00005361	61.11
1185	1.750E+07	1.335	0.1007	0.00005368	60.99
1188	1.750E+07	1.336	0.1008	0.00005375	60.86
1191	1.750E+07	1.336	0.101	0.00005382	60.74
1194	1.750E+07	1.336	0.1012	0.00005389	60.61
1197	1.750E+07	1.337	0.1013	0.00005396	60.49
1201	1.750E+07	1.337	0.1015	0.00005403	60.37
1204	1.750E+07	1.337	0.1017	0.0000541	60.25
1207	1.750E+07	1.338	0.1019	0.00005416	60.13
1210	1.750E+07	1.338	0.102	0.00005423	60
1213	1.750E+07	1.338	0.1022	0.0000543	59.88
1216	1.750E+07	1.339	0.1024	0.00005437	59.76
1219	1.750E+07	1.339	0.1025	0.00005444	59.64
1222	1.750E+07	1.339	0.1027	0.00005451	59.53
1225	1.750E+07	1.339	0.1029	0.00005458	59.41
1228	1.750E+07	1.34	0.103	0.00005465	59.29
1231	1.750E+07	1.34	0.1032	0.00005471	59.17
1234	1.750E+07	1.34	0.1034	0.00005478	59.06
1237	1.750E+07	1.341	0.1035	0.00005485	58.94
1240	1.750E+07	1.341	0.1037	0.00005492	58.82
1243	1.750E+07	1.341	0.1039	0.00005499	58.71
1246	1.750E+07	1.342	0.104	0.00005506	58.59
1249	1.750E+07	1.342	0.1042	0.00005512	58.48
1252	1.750E+07	1.342	0.1044	0.00005519	58.36
1255	1.750E+07	1.342	0.1045	0.00005526	58.25
1258	1.750E+07	1.343	0.1047	0.00005533	58.14
1261	1.750E+07	1.343	0.1049	0.0000554	58.02
1264	1.750E+07	1.343	0.105	0.00005546	57.91
1267	1.750E+07	1.344	0.1052	0.00005553	57.8
1270	1.750E+07	1.344	0.1054	0.0000556	57.69
1273	1.750E+07	1.344	0.1055	0.00005567	57.58
1276	1.750E+07	1.345	0.1057	0.00005573	57.47
1279	1.750E+07	1.345	0.1059	0.0000558	57.36
1282	1.750E+07	1.345	0.106	0.00005587	57.25
1285	1.750E+07	1.345	0.1062	0.00005594	57.14
1288	1.750E+07	1.346	0.1064	0.000056	57.03
1291	1.750E+07	1.346	0.1065	0.00005607	56.92
1294	1.750E+07	1.346	0.1067	0.00005614	56.81
1297	1.750E+07	1.346	0.1069	0.00005621	56.71
1300	1.750E+07	1.347	0.107	0.00005627	56.6
700	1.750E+07	1.263	0.07161	0.00004145	91.68
703	1.800E+07	1.265	0.0719	0.00004158	93.89
706	1.800E+07	1.265	0.07209	0.00004166	93.59
709	1.800E+07	1.266	0.07228	0.00004175	93.29
712.1	1.800E+07	1.266	0.07247	0.00004183	93
715.1	1.800E+07	1.267	0.07266	0.00004191	92.71
718.1	1.800E+07	1.268	0.07285	0.000042	92.41
721.1	1.800E+07	1.268	0.07304	0.00004208	92.13
724.1	1.800E+07	1.269	0.07323	0.00004216	91.84
727.1	1.800E+07	1.269	0.07342	0.00004224	91.55
730.2	1.800E+07	1.27	0.07361	0.00004233	91.27
733.2	1.800E+07	1.27	0.0738	0.00004241	90.99
736.2	1.800E+07	1.271	0.07399	0.00004249	90.71
739.2	1.800E+07	1.272	0.07418	0.00004257	90.43
742.2	1.800E+07	1.272	0.07437	0.00004266	90.15
745.2	1.800E+07	1.273	0.07456	0.00004274	89.88
748.2	1.800E+07	1.273	0.07475	0.00004282	89.61
751.3	1.800E+07	1.274	0.07493	0.0000429	89.34
754.3	1.800E+07	1.274	0.07512	0.00004298	89.07
757.3	1.800E+07	1.275	0.07531	0.00004306	88.8
760.3	1.800E+07	1.275	0.0755	0.00004315	88.53
763.3	1.800E+07	1.276	0.07569	0.00004323	88.27
766.3	1.800E+07	1.276	0.07588	0.00004331	88.01
769.3	1.800E+07	1.277	0.07606	0.00004339	87.75
772.4	1.800E+07	1.278	0.07625	0.00004347	87.49
775.4	1.800E+07	1.278	0.07644	0.00004355	87.23
778.4	1.800E+07	1.279	0.07663	0.00004363	86.98
781.4	1.800E+07	1.279	0.07681	0.00004371	86.72
784.4	1.800E+07	1.28	0.077	0.00004379	86.47
787.4	1.800E+07	1.28	0.07719	0.00004387	86.22
790.5	1.800E+07	1.281	0.07738	0.00004395	85.97
793.5	1.800E+07	1.281	0.07756	0.00004403	85.72
796.5	1.800E+07	1.282	0.07775	0.00004411	85.47
799.5	1.800E+07	1.282	0.07794	0.00004419	85.23
802.5	1.800E+07	1.283	0.07812	0.00004427	84.99
805.5	1.800E+07	1.283	0.07831	0.00004435	84.74
808.5	1.800E+07	1.284	0.0785	0.00004443	84.5
811.6	1.800E+07	1.284	0.07868	0.00004451	84.27
814.6	1.800E+07	1.285	0.07887	0.00004459	84.03
817.6	1.800E+07	1.285	0.07905	0.00004467	83.79
820.6	1.800E+07	1.286	0.07924	0.00004475	83.56
823.6	1.800E+07	1.286	0.07942	0.00004483	83.32
826.6	1.800E+07	1.287	0.07961	0.00004491	83.09
829.6	1.800E+07	1.287	0.0798	0.00004499	82.86
832.7	1.800E+07	1.288	0.07998	0.00004507	82.63
835.7	1.800E+07	1.288	0.08017	0.00004515	82.4
838.7	1.800E+07	1.289	0.08035	0.00004523	82.18
841.7	1.800E+07	1.29	0.08053	0.00004531	81.95
844.7	1.800E+07	1.29	0.08072	0.00004538	81.73
847.7	1.800E+07	1.29	0.0809	0.00004546	81.51
850.8	1.800E+07	1.291	0.08109	0.00004554	81.28
853.8	1.800E+07	1.291	0.08127	0.00004562	81.06
856.8	1.800E+07	1.292	0.08146	0.0000457	80.85
859.8	1.800E+07	1.292	0.08164	0.00004578	80.63
862.8	1.800E+07	1.293	0.08182	0.00004585	80.41
865.8	1.800E+07	1.293	0.08201	0.00004593	80.2
868.8	1.800E+07	1.294	0.08219	0.00004601	79.98
871.9	1.800E+07	1.294	0.08237	0.00004609	79.77
874.9	1.800E+07	1.295	0.08256	0.00004616	79.56
877.9	1.800E+07	1.295	0.08274	0.00004624	79.35
880.9	1.800E+07	1.296	0.08292	0.00004632	79.14
883.9	1.800E+07	1.296	0.08311	0.0000464	78.93
886.9	1.800E+07	1.297	0.08329	0.00004647	78.72
889.9	1.800E+07	1.297	0.08347	0.00004655	78.52
893	1.800E+07	1.298	0.08365	0.00004663	78.31
896	1.800E+07	1.298	0.08384	0.0000467	78.11
899	1.800E+07	1.299	0.08402	0.00004678	77.91
902	1.800E+07	1.299	0.0842	0.00004686	77.71
905	1.800E+07	1.3	0.08438	0.00004694	77.51
908	1.800E+07	1.3	0.08456	0.00004701	77.31
911.1	1.800E+07	1.301	0.08474	0.00004709	77.11
914.1	1.800E+07	1.301	0.08493	0.00004716	76.91
917.1	1.800E+07	1.301	0.08511	0.00004724	76.72
920.1	1.800E+07	1.302	0.08529	0.00004732	76.52
923.1	1.800E+07	1.302	0.08547	0.00004739	76.33
926.1	1.800E+07	1.303	0.08565	0.00004747	76.14
929.1	1.800E+07	1.303	0.08583	0.00004755	75.94
932.2	1.800E+07	1.304	0.08601	0.00004762	75.75
935.2	1.800E+07	1.304	0.08619	0.0000477	75.56
938.2	1.800E+07	1.305	0.08637	0.00004777	75.38
941.2	1.800E+07	1.305	0.08655	0.00004785	75.19
944.2	1.800E+07	1.305	0.08673	0.00004792	75
947.2	1.800E+07	1.306	0.08691	0.000048	74.82
950.3	1.800E+07	1.306	0.08709	0.00004807	74.63
953.3	1.800E+07	1.307	0.08727	0.00004815	74.45
956.3	1.800E+07	1.307	0.08745	0.00004822	74.26
959.3	1.800E+07	1.308	0.08763	0.0000483	74.08
962.3	1.800E+07	1.308	0.08781	0.00004837	73.9
965.3	1.800E+07	1.309	0.08799	0.00004845	73.72
968.3	1.800E+07	1.309	0.08817	0.00004852	73.54
971.4	1.800E+07	1.309	0.08835	0.0000486	73.36
974.4	1.800E+07	1.31	0.08853	0.00004867	73.19
977.4	1.800E+07	1.31	0.0887	0.00004875	73.01
980.4	1.800E+07	1.311	0.08888	0.00004882	72.83
983.4	1.800E+07	1.311	0.08906	0.0000489	72.66
986.4	1.800E+07	1.312	0.08924	0.00004897	72.49
989.4	1.800E+07	1.312	0.08942	0.00004905	72.31
992.5	1.800E+07	1.312	0.0896	0.00004912	72.14
995.5	1.800E+07	1.313	0.08977	0.00004919	71.97
998.5	1.800E+07	1.313	0.08995	0.00004927	71.8
1002	1.800E+07	1.314	0.09013	0.00004934	71.63
1005	1.800E+07	1.314	0.09031	0.00004942	71.46
1008	1.800E+07	1.314	0.09048	0.00004949	71.29
1011	1.800E+07	1.315	0.09066	0.00004956	71.13
1014	1.800E+07	1.315	0.09084	0.00004964	70.96
1017	1.800E+07	1.316	0.09101	0.00004971	70.79
1020	1.800E+07	1.316	0.09119	0.00004978	70.63
1023	1.800E+07	1.316	0.09137	0.00004986	70.47
1026	1.800E+07	1.317	0.09154	0.00004993	70.3
1029	1.800E+07	1.317	0.09172	0.00005	70.14
1032	1.800E+07	1.318	0.0919	0.00005008	69.98
1035	1.800E+07	1.318	0.09207	0.00005015	69.82
1038	1.800E+07	1.318	0.09225	0.00005022	69.66
1041	1.800E+07	1.319	0.09242	0.00005029	69.5
1044	1.800E+07	1.319	0.0926	0.00005037	69.34
1047	1.800E+07	1.32	0.09278	0.00005044	69.18
1050	1.800E+07	1.32	0.09295	0.00005051	69.03
1053	1.800E+07	1.32	0.09313	0.00005058	68.87
1056	1.800E+07	1.321	0.0933	0.00005066	68.71
1059	1.800E+07	1.321	0.09348	0.00005073	68.56
1062	1.800E+07	1.321	0.09365	0.0000508	68.41
1065	1.800E+07	1.322	0.09383	0.00005087	68.25
1068	1.800E+07	1.322	0.094	0.00005095	68.1
1071	1.800E+07	1.323	0.09418	0.00005102	67.95
1074	1.800E+07	1.323	0.09435	0.00005109	67.8
1077	1.800E+07	1.323	0.09453	0.00005116	67.65
1080	1.800E+07	1.324	0.0947	0.00005123	67.5
1083	1.800E+07	1.324	0.09487	0.00005131	67.35
1086	1.800E+07	1.324	0.09505	0.00005138	67.2
1089	1.800E+07	1.325	0.09522	0.00005145	67.05
1092	1.800E+07	1.325	0.0954	0.00005152	66.9
1095	1.800E+07	1.326	0.09557	0.00005159	66.76
1098	1.800E+07	1.326	0.09574	0.00005166	66.61
1101	1.800E+07	1.326	0.09592	0.00005173	66.47
1104	1.800E+07	1.327	0.09609	0.00005181	66.32
1107	1.800E+07	1.327	0.09626	0.00005188	66.18
1110	1.800E+07	1.327	0.09643	0.00005195	66.04
1113	1.800E+07	1.328	0.09661	0.00005202	65.89
1116	1.800E+07	1.328	0.09678	0.00005209	65.75
1119	1.800E+07	1.328	0.09695	0.00005216	65.61
1122	1.800E+07	1.329	0.09713	0.00005223	65.47
1125	1.800E+07	1.329	0.0973	0.0000523	65.33
1128	1.800E+07	1.329	0.09747	0.00005237	65.19
1131	1.800E+07	1.33	0.09764	0.00005244	65.05
1134	1.800E+07	1.33	0.09781	0.00005251	64.91
1137	1.800E+07	1.33	0.09799	0.00005258	64.78
1140	1.800E+07	1.331	0.09816	0.00005265	64.64
1143	1.800E+07	1.331	0.09833	0.00005272	64.5
1146	1.800E+07	1.331	0.0985	0.0000528	64.37
1149	1.800E+07	1.332	0.09867	0.00005287	64.23
1152	1.800E+07	1.332	0.09884	0.00005294	64.1
1155	1.800E+07	1.332	0.09902	0.00005301	63.96
1158	1.800E+07	1.333	0.09919	0.00005308	63.83
1161	1.800E+07	1.333	0.09936	0.00005315	63.7
1164	1.800E+07	1.333	0.09953	0.00005322	63.57
1167	1.800E+07	1.334	0.0997	0.00005328	63.43
1170	1.800E+07	1.334	0.09987	0.00005335	63.3
1173	1.800E+07	1.334	0.1	0.00005342	63.17
1176	1.800E+07	1.335	0.1002	0.00005349	63.04
1179	1.800E+07	1.335	0.1004	0.00005356	62.91
1182	1.800E+07	1.335	0.1006	0.00005363	62.78
1185	1.800E+07	1.336	0.1007	0.0000537	62.66
1188	1.800E+07	1.336	0.1009	0.00005377	62.53
1191	1.800E+07	1.336	0.1011	0.00005384	62.4
1194	1.800E+07	1.337	0.1012	0.00005391	62.27
1197	1.800E+07	1.337	0.1014	0.00005398	62.15
1201	1.800E+07	1.337	0.1016	0.00005405	62.02
1204	1.800E+07	1.338	0.1017	0.00005412	61.9
1207	1.800E+07	1.338	0.1019	0.00005419	61.77
1210	1.800E+07	1.338	0.1021	0.00005425	61.65
1213	1.800E+07	1.339	0.1022	0.00005432	61.52
1216	1.800E+07	1.339	0.1024	0.00005439	61.4
1219	1.800E+07	1.339	0.1026	0.00005446	61.28
1222	1.800E+07	1.34	0.1028	0.00005453	61.16
1225	1.800E+07	1.34	0.1029	0.0000546	61.04
1228	1.800E+07	1.34	0.1031	0.00005467	60.91
1231	1.800E+07	1.34	0.1033	0.00005473	60.79
1234	1.800E+07	1.341	0.1034	0.0000548	60.67
1237	1.800E+07	1.341	0.1036	0.00005487	60.55
1240	1.800E+07	1.341	0.1038	0.00005494	60.44
1243	1.800E+07	1.342	0.1039	0.00005501	60.32
1246	1.800E+07	1.342	0.1041	0.00005508	60.2
1249	1.800E+07	1.342	0.1043	0.00005514	60.08
1252	1.800E+07	1.343	0.1044	0.00005521	59.96
1255	1.800E+07	1.343	0.1046	0.00005528	59.85
1258	1.800E+07	1.343	0.1048	0.00005535	59.73
1261	1.800E+07	1.343	0.1049	0.00005542	59.61
1264	1.800E+07	1.344	0.1051	0.00005548	59.5
1267	1.800E+07	1.344	0.1053	0.00005555	59.38
1270	1.800E+07	1.344	0.1054	0.00005562	59.27
1273	1.800E+07	1.345	0.1056	0.00005569	59.16
1276	1.800E+07	1.345	0.1058	0.00005575	59.04
1279	1.800E+07	1.345	0.1059	0.00005582	58.93
1282	1.800E+07	1.345	0.1061	0.00005589	58.82
1285	1.800E+07	1.346	0.1063	0.00005596	58.7
1288	1.800E+07	1.346	0.1064	0.00005602	58.59
1291	1.800E+07	1.346	0.1066	0.00005609	58.48
1294	1.800E+07	1.347	0.1068	0.00005616	58.37
1297	1.800E+07	1.347	0.1069	0.00005623	58.26
1300	1.800E+07	1.347	0.1071	0.00005629	58.15
700	1.800E+07	1.264	0.07171	0.0000415	94.19
