900	47000000	1.303	0.07313	0.000043465	247.13
902	47000000	1.3031	0.07324	0.000043504	246.56
904	47000000	1.3032	0.07334	0.000043543	245.99
906	47000000	1.3033	0.07344	0.000043582	245.42
908	47000000	1.3034	0.07355	0.000043622	244.86
910	47000000	1.3036	0.07365	0.000043661	244.29
912	47000000	1.3037	0.07376	0.0000437	243.74
914	47000000	1.3038	0.07387	0.00004374	243.18
916	47000000	1.3039	0.07397	0.000043779	242.63
918	47000000	1.3041	0.07408	0.000043819	242.08
920	47000000	1.3042	0.07418	0.000043859	241.53
922	47000000	1.3043	0.07429	0.000043898	240.99
924	47000000	1.3045	0.07439	0.000043938	240.44
926	47000000	1.3046	0.07450	0.000043978	239.91
928	47000000	1.3048	0.07461	0.000044018	239.37
930	47000000	1.3049	0.07471	0.000044058	238.84
932	47000000	1.305	0.07482	0.000044099	238.31
934	47000000	1.3052	0.07493	0.000044139	237.78
936	47000000	1.3053	0.07503	0.000044179	237.25
938	47000000	1.3055	0.07514	0.000044219	236.73
940	47000000	1.3056	0.07525	0.00004426	236.21
942	47000000	1.3058	0.07535	0.0000443	235.69
944	47000000	1.3059	0.07546	0.000044341	235.18
946	47000000	1.3061	0.07557	0.000044382	234.66
948	47000000	1.3062	0.07568	0.000044422	234.15
950	47000000	1.3064	0.07578	0.000044463	233.65
952	47000000	1.3066	0.07589	0.000044504	233.14
954	47000000	1.3067	0.07600	0.000044545	232.64
956	47000000	1.3069	0.07611	0.000044586	232.14
958	47000000	1.307	0.07621	0.000044627	231.64
960	47000000	1.3072	0.07632	0.000044668	231.15
962	47000000	1.3074	0.07643	0.000044709	230.65
964	47000000	1.3075	0.07654	0.00004475	230.16
966	47000000	1.3077	0.07665	0.000044792	229.67
968	47000000	1.3079	0.07675	0.000044833	229.19
970	47000000	1.308	0.07686	0.000044874	228.71
972	47000000	1.3082	0.07697	0.000044916	228.22
974	47000000	1.3084	0.07708	0.000044957	227.74
976	47000000	1.3086	0.07719	0.000044999	227.27
978	47000000	1.3087	0.07730	0.00004504	226.79
980	47000000	1.3089	0.07741	0.000045082	226.32
982	47000000	1.3091	0.07752	0.000045123	225.85
984	47000000	1.3093	0.07762	0.000045165	225.38
986	47000000	1.3094	0.07773	0.000045207	224.92
988	47000000	1.3096	0.07784	0.000045249	224.45
990	47000000	1.3098	0.07795	0.000045291	223.99
992	47000000	1.31	0.07806	0.000045333	223.53
994	47000000	1.3102	0.07817	0.000045374	223.08
996	47000000	1.3103	0.07828	0.000045416	222.62
998	47000000	1.3105	0.07839	0.000045458	222.17
1000	47000000	1.3107	0.07850	0.000045501	221.72
1002	47000000	1.3109	0.07861	0.000045543	221.27
1004	47000000	1.3111	0.07872	0.000045585	220.82
1006	47000000	1.3113	0.07883	0.000045627	220.38
1008	47000000	1.3114	0.07894	0.000045669	219.93
1010	47000000	1.3116	0.07905	0.000045712	219.49
1012	47000000	1.3118	0.07916	0.000045754	219.05
1014	47000000	1.312	0.07927	0.000045796	218.62
1016	47000000	1.3122	0.07938	0.000045839	218.18
1018	47000000	1.3124	0.07949	0.000045881	217.75
1020	47000000	1.3126	0.07960	0.000045923	217.32
1022	47000000	1.3128	0.07971	0.000045966	216.89
1024	47000000	1.313	0.07982	0.000046009	216.46
1026	47000000	1.3131	0.07993	0.000046051	216.04
1028	47000000	1.3133	0.08004	0.000046094	215.61
1030	47000000	1.3135	0.08015	0.000046136	215.19
1032	47000000	1.3137	0.08026	0.000046179	214.77
1034	47000000	1.3139	0.08037	0.000046222	214.35
1036	47000000	1.3141	0.08048	0.000046264	213.94
1038	47000000	1.3143	0.08059	0.000046307	213.52
1040	47000000	1.3145	0.08070	0.00004635	213.11
1042	47000000	1.3147	0.08081	0.000046393	212.7
1044	47000000	1.3149	0.08092	0.000046436	212.29
1046	47000000	1.3151	0.08103	0.000046479	211.88
1048	47000000	1.3153	0.08114	0.000046521	211.48
1050	47000000	1.3155	0.08126	0.000046564	211.07
1052	47000000	1.3157	0.08137	0.000046607	210.67
1054	47000000	1.3159	0.08148	0.00004665	210.27
1056	47000000	1.3161	0.08159	0.000046693	209.87
1058	47000000	1.3163	0.08170	0.000046736	209.47
1060	47000000	1.3165	0.08181	0.000046779	209.08
1062	47000000	1.3167	0.08192	0.000046823	208.68
1064	47000000	1.3169	0.08203	0.000046866	208.29
1066	47000000	1.3171	0.08214	0.000046909	207.9
1068	47000000	1.3173	0.08225	0.000046952	207.51
1070	47000000	1.3175	0.08236	0.000046995	207.12
1072	47000000	1.3177	0.08248	0.000047038	206.74
1074	47000000	1.3179	0.08259	0.000047082	206.35
1076	47000000	1.3181	0.08270	0.000047125	205.97
1078	47000000	1.3183	0.08281	0.000047168	205.59
1080	47000000	1.3185	0.08292	0.000047211	205.21
1082	47000000	1.3187	0.08303	0.000047255	204.83
1084	47000000	1.3189	0.08314	0.000047298	204.46
1086	47000000	1.3191	0.08325	0.000047341	204.08
1088	47000000	1.3193	0.08337	0.000047385	203.71
1090	47000000	1.3195	0.08348	0.000047428	203.34
1092	47000000	1.3197	0.08359	0.000047472	202.97
1094	47000000	1.3199	0.08370	0.000047515	202.6
1096	47000000	1.3201	0.08381	0.000047559	202.23
1098	47000000	1.3203	0.08392	0.000047602	201.86
1100	47000000	1.3205	0.08403	0.000047646	201.5
900	48500000	1.305	0.07350	0.000043714	253.88
902	48500000	1.3051	0.07360	0.000043751	253.29
904	48500000	1.3052	0.07370	0.000043789	252.71
906	48500000	1.3053	0.07381	0.000043827	252.12
908	48500000	1.3055	0.07391	0.000043865	251.55
910	48500000	1.3056	0.07401	0.000043904	250.97
912	48500000	1.3057	0.07412	0.000043942	250.4
914	48500000	1.3058	0.07422	0.00004398	249.83
916	48500000	1.3059	0.07432	0.000044019	249.26
918	48500000	1.306	0.07443	0.000044057	248.7
920	48500000	1.3062	0.07453	0.000044096	248.14
922	48500000	1.3063	0.07464	0.000044135	247.58
924	48500000	1.3064	0.07474	0.000044174	247.03
926	48500000	1.3066	0.07485	0.000044212	246.47
928	48500000	1.3067	0.07495	0.000044251	245.92
930	48500000	1.3068	0.07505	0.000044291	245.38
932	48500000	1.307	0.07516	0.00004433	244.83
934	48500000	1.3071	0.07526	0.000044369	244.29
936	48500000	1.3072	0.07537	0.000044408	243.75
938	48500000	1.3074	0.07548	0.000044448	243.22
940	48500000	1.3075	0.07558	0.000044487	242.69
942	48500000	1.3077	0.07569	0.000044527	242.16
944	48500000	1.3078	0.07579	0.000044566	241.63
946	48500000	1.3079	0.07590	0.000044606	241.1
948	48500000	1.3081	0.07600	0.000044646	240.58
950	48500000	1.3082	0.07611	0.000044686	240.06
952	48500000	1.3084	0.07621	0.000044725	239.54
954	48500000	1.3085	0.07632	0.000044765	239.03
956	48500000	1.3087	0.07643	0.000044805	238.51
958	48500000	1.3088	0.07653	0.000044846	238
960	48500000	1.309	0.07664	0.000044886	237.5
962	48500000	1.3092	0.07675	0.000044926	236.99
964	48500000	1.3093	0.07685	0.000044966	236.49
966	48500000	1.3095	0.07696	0.000045007	235.99
968	48500000	1.3096	0.07707	0.000045047	235.49
970	48500000	1.3098	0.07717	0.000045087	235
972	48500000	1.31	0.07728	0.000045128	234.5
974	48500000	1.3101	0.07739	0.000045169	234.01
976	48500000	1.3103	0.07750	0.000045209	233.52
978	48500000	1.3105	0.07760	0.00004525	233.04
980	48500000	1.3106	0.07771	0.000045291	232.55
982	48500000	1.3108	0.07782	0.000045331	232.07
984	48500000	1.311	0.07792	0.000045372	231.59
986	48500000	1.3111	0.07803	0.000045413	231.11
988	48500000	1.3113	0.07814	0.000045454	230.64
990	48500000	1.3115	0.07825	0.000045495	230.17
992	48500000	1.3117	0.07836	0.000045536	229.7
994	48500000	1.3118	0.07846	0.000045577	229.23
996	48500000	1.312	0.07857	0.000045619	228.76
998	48500000	1.3122	0.07868	0.00004566	228.3
1000	48500000	1.3124	0.07879	0.000045701	227.83
1002	48500000	1.3125	0.07890	0.000045742	227.37
1004	48500000	1.3127	0.07900	0.000045784	226.92
1006	48500000	1.3129	0.07911	0.000045825	226.46
1008	48500000	1.3131	0.07922	0.000045867	226.01
1010	48500000	1.3132	0.07933	0.000045908	225.55
1012	48500000	1.3134	0.07944	0.00004595	225.1
1014	48500000	1.3136	0.07955	0.000045991	224.66
1016	48500000	1.3138	0.07966	0.000046033	224.21
1018	48500000	1.314	0.07976	0.000046074	223.77
1020	48500000	1.3142	0.07987	0.000046116	223.32
1022	48500000	1.3143	0.07998	0.000046158	222.88
1024	48500000	1.3145	0.08009	0.0000462	222.45
1026	48500000	1.3147	0.08020	0.000046241	222.01
1028	48500000	1.3149	0.08031	0.000046283	221.58
1030	48500000	1.3151	0.08042	0.000046325	221.14
1032	48500000	1.3153	0.08053	0.000046367	220.71
1034	48500000	1.3155	0.08064	0.000046409	220.28
1036	48500000	1.3156	0.08075	0.000046451	219.86
1038	48500000	1.3158	0.08085	0.000046493	219.43
1040	48500000	1.316	0.08096	0.000046535	219.01
1042	48500000	1.3162	0.08107	0.000046577	218.59
1044	48500000	1.3164	0.08118	0.000046619	218.17
1046	48500000	1.3166	0.08129	0.000046662	217.75
1048	48500000	1.3168	0.08140	0.000046704	217.33
1050	48500000	1.317	0.08151	0.000046746	216.92
1052	48500000	1.3172	0.08162	0.000046788	216.51
1054	48500000	1.3174	0.08173	0.000046831	216.1
1056	48500000	1.3176	0.08184	0.000046873	215.69
1058	48500000	1.3177	0.08195	0.000046915	215.28
1060	48500000	1.3179	0.08206	0.000046958	214.88
1062	48500000	1.3181	0.08217	0.000047	214.47
1064	48500000	1.3183	0.08228	0.000047043	214.07
1066	48500000	1.3185	0.08239	0.000047085	213.67
1068	48500000	1.3187	0.08250	0.000047128	213.27
1070	48500000	1.3189	0.08261	0.00004717	212.87
1072	48500000	1.3191	0.08272	0.000047213	212.48
1074	48500000	1.3193	0.08283	0.000047255	212.08
1076	48500000	1.3195	0.08294	0.000047298	211.69
1078	48500000	1.3197	0.08305	0.000047341	211.3
1080	48500000	1.3199	0.08316	0.000047383	210.91
1082	48500000	1.3201	0.08327	0.000047426	210.52
1084	48500000	1.3203	0.08338	0.000047469	210.14
1086	48500000	1.3205	0.08349	0.000047511	209.75
1088	48500000	1.3207	0.08360	0.000047554	209.37
1090	48500000	1.3209	0.08371	0.000047597	208.99
1092	48500000	1.3211	0.08382	0.00004764	208.61
1094	48500000	1.3213	0.08393	0.000047682	208.23
1096	48500000	1.3215	0.08404	0.000047725	207.86
1098	48500000	1.3217	0.08415	0.000047768	207.48
1100	48500000	1.3219	0.08426	0.000047811	207.11
900	50000000	1.307	0.07387	0.000043966	260.55
902	50000000	1.3071	0.07397	0.000044003	259.95
904	50000000	1.3072	0.07407	0.00004404	259.35
906	50000000	1.3073	0.07417	0.000044077	258.75
908	50000000	1.3074	0.07428	0.000044114	258.16
910	50000000	1.3075	0.07438	0.000044151	257.57
912	50000000	1.3076	0.07448	0.000044188	256.99
914	50000000	1.3077	0.07458	0.000044225	256.4
916	50000000	1.3078	0.07468	0.000044263	255.83
918	50000000	1.3079	0.07479	0.0000443	255.25
920	50000000	1.3081	0.07489	0.000044338	254.67
922	50000000	1.3082	0.07499	0.000044376	254.1
924	50000000	1.3083	0.07509	0.000044413	253.54
926	50000000	1.3084	0.07520	0.000044451	252.97
928	50000000	1.3085	0.07530	0.000044489	252.41
930	50000000	1.3087	0.07540	0.000044527	251.85
932	50000000	1.3088	0.07551	0.000044565	251.29
934	50000000	1.3089	0.07561	0.000044604	250.74
936	50000000	1.3091	0.07571	0.000044642	250.19
938	50000000	1.3092	0.07582	0.00004468	249.64
940	50000000	1.3093	0.07592	0.000044719	249.09
942	50000000	1.3095	0.07602	0.000044757	248.55
944	50000000	1.3096	0.07613	0.000044796	248.01
946	50000000	1.3097	0.07623	0.000044835	247.47
948	50000000	1.3099	0.07634	0.000044873	246.94
950	50000000	1.31	0.07644	0.000044912	246.41
952	50000000	1.3102	0.07654	0.000044951	245.88
954	50000000	1.3103	0.07665	0.00004499	245.35
956	50000000	1.3105	0.07675	0.000045029	244.82
958	50000000	1.3106	0.07686	0.000045068	244.3
960	50000000	1.3108	0.07696	0.000045108	243.78
962	50000000	1.3109	0.07707	0.000045147	243.27
964	50000000	1.3111	0.07717	0.000045186	242.75
966	50000000	1.3112	0.07728	0.000045226	242.24
968	50000000	1.3114	0.07738	0.000045265	241.73
970	50000000	1.3115	0.07749	0.000045305	241.22
972	50000000	1.3117	0.07760	0.000045344	240.72
974	50000000	1.3118	0.07770	0.000045384	240.21
976	50000000	1.312	0.07781	0.000045424	239.71
978	50000000	1.3121	0.07791	0.000045464	239.22
980	50000000	1.3123	0.07802	0.000045503	238.72
982	50000000	1.3125	0.07812	0.000045543	238.23
984	50000000	1.3126	0.07823	0.000045583	237.74
986	50000000	1.3128	0.07834	0.000045623	237.25
988	50000000	1.313	0.07844	0.000045664	236.76
990	50000000	1.3131	0.07855	0.000045704	236.28
992	50000000	1.3133	0.07866	0.000045744	235.8
994	50000000	1.3135	0.07876	0.000045784	235.32
996	50000000	1.3136	0.07887	0.000045825	234.84
998	50000000	1.3138	0.07898	0.000045865	234.36
1000	50000000	1.314	0.07908	0.000045905	233.89
1002	50000000	1.3141	0.07919	0.000045946	233.42
1004	50000000	1.3143	0.07930	0.000045986	232.95
1006	50000000	1.3145	0.07940	0.000046027	232.48
1008	50000000	1.3147	0.07951	0.000046068	232.02
1010	50000000	1.3148	0.07962	0.000046108	231.55
1012	50000000	1.315	0.07972	0.000046149	231.09
1014	50000000	1.3152	0.07983	0.00004619	230.64
1016	50000000	1.3154	0.07994	0.000046231	230.18
1018	50000000	1.3155	0.08005	0.000046272	229.72
1020	50000000	1.3157	0.08015	0.000046313	229.27
1022	50000000	1.3159	0.08026	0.000046354	228.82
1024	50000000	1.3161	0.08037	0.000046395	228.37
1026	50000000	1.3162	0.08048	0.000046436	227.93
1028	50000000	1.3164	0.08058	0.000046477	227.48
1030	50000000	1.3166	0.08069	0.000046518	227.04
1032	50000000	1.3168	0.08080	0.000046559	226.6
1034	50000000	1.317	0.08091	0.0000466	226.16
1036	50000000	1.3171	0.08102	0.000046642	225.72
1038	50000000	1.3173	0.08112	0.000046683	225.29
1040	50000000	1.3175	0.08123	0.000046724	224.85
1042	50000000	1.3177	0.08134	0.000046766	224.42
1044	50000000	1.3179	0.08145	0.000046807	223.99
1046	50000000	1.3181	0.08156	0.000046848	223.56
1048	50000000	1.3183	0.08166	0.00004689	223.14
1050	50000000	1.3184	0.08177	0.000046932	222.71
1052	50000000	1.3186	0.08188	0.000046973	222.29
1054	50000000	1.3188	0.08199	0.000047015	221.87
1056	50000000	1.319	0.08210	0.000047056	221.45
1058	50000000	1.3192	0.08221	0.000047098	221.04
1060	50000000	1.3194	0.08231	0.00004714	220.62
1062	50000000	1.3196	0.08242	0.000047181	220.21
1064	50000000	1.3197	0.08253	0.000047223	219.79
1066	50000000	1.3199	0.08264	0.000047265	219.38
1068	50000000	1.3201	0.08275	0.000047307	218.98
1070	50000000	1.3203	0.08286	0.000047349	218.57
1072	50000000	1.3205	0.08297	0.000047391	218.16
1074	50000000	1.3207	0.08308	0.000047433	217.76
1076	50000000	1.3209	0.08318	0.000047474	217.36
1078	50000000	1.3211	0.08329	0.000047516	216.96
1080	50000000	1.3213	0.08340	0.000047558	216.56
1082	50000000	1.3215	0.08351	0.000047601	216.16
1084	50000000	1.3216	0.08362	0.000047643	215.77
1086	50000000	1.3218	0.08373	0.000047685	215.37
1088	50000000	1.322	0.08384	0.000047727	214.98
1090	50000000	1.3222	0.08395	0.000047769	214.59
1092	50000000	1.3224	0.08406	0.000047811	214.2
1094	50000000	1.3226	0.08417	0.000047853	213.82
1096	50000000	1.3228	0.08427	0.000047896	213.43
1098	50000000	1.323	0.08438	0.000047938	213.04
1100	50000000	1.3232	0.08449	0.00004798	212.66
